,202
2315,202
2325,202
2335,201
2345,201
2356,202
2366,202
2377,202
2387,203
2398,201
2408,201
2418,201
2428,201
2440,201
2450,202
2460,203
2470,201
2481,202
2491,201
2501,201
2512,201
2523,202
2533,201
2543,201
2553,202
2564,202
2575,202
2585,202
2595,201
2606,202
2616,202
2626,201
2637,201
2648,201
2658,202
2668,201
2678,201
2689,201
2699,201
2710,201
2720,202
2731,202
2741,201
2751,201
2761,202
2772,202
2783,202
2793,202
2803,202
2813,202
2824,201
2834,201
2845,201
2855,202
2866,202
2876,201
2886,201
2896,201
2908,201
2918,202
2928,201
2938,201
2949,202
2959,202
2970,202
2980,201
2991,202
3001,201
3011,201
3021,202
3032,202
3043,201
3053,202
3063,201
3074,202
3084,202
3094,201
3105,202
3116,202
3126,202
3136,201
3146,201
3156,201
3167,202
3178,201
3188,202
3198,201
3209,202
3219,202
3229,202
3240,201
3251,201
3261,201
3271,201
3281,201
3292,201
3303,202
3313,202
3323,203
3334,201
3344,201
3354,201
3364,201
3376,201
3386,201
3396,201
3406,201
3417,202
3427,202
3438,202
3448,202
3459,202
3469,201
3479,201
3489,201
3500,201
3511,202
3521,202
3531,201
3542,201
3552,201
3562,201
3573,201
3584,202
3594,201
3604,201
3614,201
3624,202
3636,201
3646,201
3656,201
3666,201
3677,201
3687,201
3697,201
3708,202
3719,202
3729,201
3739,201
3749,201
3760,201
3771,201
3781,202
3791,203
3802,201
3812,201
3822,202
3832,201
3844,201
3854,201
3864,201
3874,201
3885,201
3895,201
3906,201
3916,202
3927,201
3937,201
3947,201
3957,201
3969,201
3979,202
3989,202
3999,201
4009,201
4020,201
4030,202
4041,201
4051,201
4062,201
4072,201
4082,202
4092,202
4104,201
4114,201
4124,202
4134,201
4145,201
4155,200
4165,201
4176,202
4187,202
4197,201
4207,201
4217,202
4228,201
4239,201
4249,202
4259,201
4270,201
4280,202
4290,201
4301,201
4312,202
4322,202
4332,201
4342,201
4353,201
4363,201
4374,201
4384,202
4395,201
4405,201
4415,201
4425,201
4436,201
4447,201
4457,201
4467,201
4477,202
4488,201
4498,201
4509,201
4519,202
4530,202
4540,202
4550,201
4560,201
4572,202
4582,202
4592,201
4602,201
4613,201
4623,201
4634,201
4644,201
4655,202
4665,201
4675,201
4685,202
4696,202
4707,201
4717,201
4727,201
4738,201
4748,201
4758,201
4769,201
4780,202
4790,202
4800,202
4810,201
4820,201
4831,201
4842,201
4852,201
4862,201
4873,201
4883,202
4893,202
4904,201
4915,202
4925,201
4935,201
4945,201
4956,201
4967,201
4977,201
4987,202
4998,202
5008,201
5018,201
5028,202
5040,202
5050,202
5060,201
5070,201
5081,201
5091,201
5102,201
5112,202
5123,202
5133,201
5143,201
5153,201
5164,201
5175,201
5185,202
5195,201
5206,201
5216,201
5226,201
5237,201
5248,202
5258,201
5268,201
5278,202
5288,202
5300,201
5310,201
5320,202
5330,201
5341,201
5351,201
5361,201
5372,201
5383,202
5393,201
5403,201
5413,202
5424,201
5435,201
5445,202
5455,202
5466,201
5476,201
5486,201
5496,202
5508,201
5518,202
5528,201
5538,201
5549,201
5559,201
5570,201
5580,202
5591,201
5601,202
5611,201
5621,201
5633,201
5643,201
5653,202
5663,201
5673,200
5684,201
5694,202
5705,201
5715,202
5726,201
5736,201
5746,201
5756,201
5768,201
5778,201
5788,202
5798,202
5809,201
5819,200
5829,201
5840,202
5851,202
5861,200
5871,201
5881,202
5892,202
5903,201
5913,202
5923,201
5934,201
5944,201
5954,201
5965,201
5976,201
5986,203
5996,202
6006,201
6017,201
6027,201
6038,201
6048,202
6059,201
6069,201
6079,201
6089,202
6100,202
6111,202
6121,201
6131,201
6141,202
6152,202
6162,200
6173,201
6183,203
6194,202
6204,201
6214,201
6224,201
6236,201
6246,202
6256,201
6266,201
6277,201
6287,201
6298,201
6308,201
6319,202
6329,201
6339,201
6349,201
6360,202
6371,202
6381,201
6391,201
6402,201
6412,201
6422,199
6433,200
6444,203
6454,202
6464,200
6474,201
6484,202
6495,202
6506,200
6516,201
6526,201
6537,201
6547,200
6557,201
6568,202
6579,203
6589,202
6599,202
6609,201
6620,202
6631,201
6641,200
6651,202
6662,201
6672,201
6682,200
6692,200
6704,202
6714,203
6724,201
6734,201
6745,202
6755,201
6766,199
6776,201
6787,201
6797,201
6807,201
6817,200
6828,201
6839,202
6849,203
6859,202
6870,201
6880,202
6890,201
6901,201
6912,202
6922,200
6932,201
6942,201
6952,201
6964,202
6974,201
6984,202
6994,200
7005,201
7015,201
7025,200
7036,200
7047,202
7057,202
7067,201
7077,201
7088,202
7099,202
7109,202
7119,202
7130,201
7140,201
7150,201
7160,202
7172,201
7182,202
7192,202
7202,202
7213,201
7223,200
7234,201
7244,202
7255,201
7265,200
7275,201
7285,201
7297,201
7307,201
7317,202
7327,201
7337,201
7348,202
7358,202
7369,201
7379,201
7390,200
7400,201
7410,202
7420,201
7432,200
7442,202
7452,203
7462,200
7473,200
7483,201
7493,201
7504,200
7515,201
7525,201
7535,201
7545,201
7556,202
7567,201
7577,202
7587,201
7598,202
7608,201
7618,201
7629,200
7640,201
7650,202
7660,201
7670,201
7681,201
7691,201
7702,201
7712,202
7723,200
7733,200
7743,201
7753,201
7764,202
7775,201
7785,201
7795,202
7805,202
7816,201
7826,201
7837,201
7847,202
7858,201
7868,200
7878,201
7888,201
7900,201
7910,202
7920,202
7930,201
7941,201
7951,201
7962,201
7972,201
7983,200
7993,200
8003,202
8013,202
8024,200
8035,200
8045,202
8055,201
8066,201
8076,201
8086,201
8097,200
8108,202
8118,202
8128,200
8138,201
8148,203
8159,201
8170,200
8180,202
8190,201
8201,201
8211,201
8221,199
8232,199
8243,199
8253,201
8263,201
8273,200
8284,200
8295,202
8305,201
8315,199
8326,199
8336,199
8346,198
8356,200
8368,198
8378,198
8388,197
8398,195
8409,196
8419,198
8430,199
8440,199
8451,199
8461,197
8471,194
8481,196
8492,198
8503,199
8513,200
8523,202
8534,201
8544,199
8554,199
8565,198
8576,195
8586,194
8596,196
8606,196
8616,196
8628,196
8638,196
8648,195
8658,196
8669,196
8679,198
8689,197
8700,196
8711,196
8721,195
8731,197
8741,199
8752,201
8763,201
8773,201
8783,199
8794,197
8804,196
8814,196
8824,197
8836,198
8846,196
8856,197
8866,197
8877,197
8887,196
8898,196
8908,195
8919,192
8929,193
8939,194
8949,195
8961,195
8971,194
8981,195
8991,197
9001,197
9012,199
9022,200
9033,202
9043,199
9054,193
9064,192
9074,196
9084,200
9096,198
9106,193
9116,195
9126,197
9137,199
9147,400
9157,480
9168,496
9179,443
9189,532
9199,596
9209,578
9220,574
9231,640
9241,651
9251,634
9262,648
9272,593
9282,619
9293,575
9304,624
9314,698
9324,710
9334,641
9345,567
9355,590
9366,674
9376,704
9387,695
9397,701
9407,727
9417,734
9428,758
9439,787
9449,794
9459,803
9469,820
9480,837
9490,788
9501,774
9511,807
9522,837
9532,847
9542,853
9552,850
9564,855
9574,858
9584,860
9594,859
9605,857
9615,856
9626,868
9636,879
9647,888
9657,893
9667,895
9677,899
9688,904
9699,907
9709,912
9719,916
9730,920
9740,921
9750,922
9761,925
9772,927
9782,931
9792,935
9802,936
9812,937
9823,937
9834,937
9844,935
9854,938
9865,940
9875,941
9885,943
9896,944
9907,944
9917,946
9927,947
9937,948
9948,949
9959,950
9969,952
9979,953
9990,956
10000,958
10011,959
10022,960
10035,962
10046,964
10057,964
10068,966
10080,966
10092,967
10103,968
10115,968
10126,969
10137,970
10148,970
10161,971
10172,971
10183,972
10194,973
10206,974
10217,974
10229,975
10241,975
10252,976
10263,976
10274,977
10286,978
10298,978
10309,978
10320,978
10332,979
10343,979
10354,980
10366,980
10378,981
10389,981
10400,982
10412,982
10423,983
10435,983
10446,984
10458,984
10469,985
10480,984
10492,985
10504,985
10515,985
10526,985
10537,986
10549,986
10561,986
10572,986
10584,986
10595,986
10606,987
10617,987
10630,987
10641,988
10652,988
10663,988
10675,988
10686,988
10698,988
10710,989
10721,989
10732,988
10743,988
10755,988
10767,989
10778,989
10789,989
10801,990
10812,990
10824,990
10835,991
10847,991
10858,991
10869,991
10881,991
10893,991
10904,991
10915,991
10927,992
10938,992
10949,992
10961,992
10973,992
10984,993
10995,993
11006,993
11018,994
11030,994
11041,994
11053,994
11064,994
11075,994
11086,994
11099,993
11110,992
11121,992
11132,992
11144,992
11155,992
11167,992
11179,991
11190,993
11201,992
11212,993
11225,993
11236,992
11247,993
11258,993
11270,992
11281,992
11293,991
11304,990
11316,990
11327,987
11338,988
11350,987
11362,985
11373,977
11384,946
11396,953
11407,947
11418,946
11430,931
Peak time: 11442, Peak avg: 931, Highest avg: 990
11494,864
11506,856
11517,849
11529,849
11540,856
11551,868
11564,858
11575,857
11586,860
11597,852
11609,856
11620,876
11632,868
11643,846
11655,837
11666,837
11677,851
11689,846
11701,832
11712,826
11723,825
11735,820
11746,817
11758,814
11769,817
11781,810
11792,805
11803,802
11814,802
11827,801
11838,798
11849,796
11860,795
11872,797
11883,802
11895,801
11907,795
11918,794
11929,793
11940,793
11952,793
11964,792
11975,790
11986,791
11998,791
12009,789
12020,788
12033,790
12044,787
12055,787
12066,786
12078,786
12090,787
12101,790
12112,790
12124,788
12135,786
12146,788
12158,791
12170,799
12181,795
12192,796
12204,791
12215,792
12227,790
12238,789
12250,787
12261,789
12272,791
12283,791
12296,791
12307,789
12318,787
12329,786
12341,785
12352,785
12364,785
12376,787
12387,789
12398,792
12409,793
12422,790
12433,789
12444,788
12455,787
12467,787
12478,787
12490,788
12502,789
12513,788
12524,788
12535,788
12547,788
12559,787
12570,788
12581,787
12593,787
12604,787
12615,787
12627,787
12639,788
12650,787
12661,788
12673,787
12684,788
12696,788
12707,789
12719,788
12730,789
12741,790
12752,789
12765,789
12776,791
12787,790
12798,790
12810,791
12822,791
12833,792
12845,792
12856,793
12867,794
12878,795
12891,796
12902,798
12913,799
12924,799
12936,798
12947,796
12959,795
12971,796
12982,795
12993,795
13004,795
13016,796
13028,796
13039,797
13050,796
13062,797
13073,797
13084,798
13096,799
13108,799
13119,800
13130,800
13142,800
13154,800
13165,801
13176,801
Bottom time: 13188, Bottom avg: 801
13225,800
13238,801
13249,801
13260,801
13272,801
13283,800
13295,800
13306,801
13318,801
13329,801
13340,802
13351,801
13364,802
13375,802
13386,803
13398,803
13409,803
13421,803
13432,804
13444,803
13455,803
13466,803
13477,803
13490,803
13501,803
13512,803
13523,803
13535,804
13546,804
13558,804
13570,805
13581,805
13592,805
13603,805
13615,806
13627,805
13638,805
13649,805
13661,806
13672,806
13683,807
13696,807
13707,807
13718,808
13729,808
13741,809
13753,808
13764,809
13775,809
13787,809
13798,809
13809,809
13821,809
13833,809
13844,809
13855,810
13867,810
13878,810
13890,810
13901,810
13913,811
13924,811
13935,811
13946,811
13959,811
13970,811
13981,811
13992,811
14004,811
14015,811
14027,811
14039,811
14050,812
14061,811
14072,811
14084,811
14096,811
14107,811
14118,812
14130,813
14141,813
14153,813
14164,813
14176,813
14187,813
14198,813
14210,814
14222,814
14233,814
14244,813
14256,813
14267,813
14278,814
14290,814
14302,814
14313,814
14324,815
14336,815
14347,815
14359,815
14370,815
14382,815
14393,814
14404,814
14415,815
14428,816
14439,816
14450,816
14461,815
14473,815
14485,815
14496,816
14508,816
14519,816
14530,816
14541,816
14554,816
14565,816
14576,816
14587,816
14599,816
14610,816
14622,816
14633,816
14645,816
14656,817
14667,817
14679,816
14691,816
14702,816
14713,815
14725,815
14736,816
14747,816
14759,816
14771,816
14782,816
14793,816
14804,816
14816,816
14828,817
14839,816
14851,816
14862,816
14873,816
14885,816
14897,816
14908,816
14919,816
14930,816
14942,816
14954,816
14965,817
14977,817
14988,817
14999,817
15010,817
15023,817
15034,817
15045,817
15056,817
15068,817
15079,816
15091,816
15102,815
15114,816
15125,815
15136,815
15148,815
15160,815
15171,814
15182,814
15194,814
15205,814
15217,814
15228,813
15240,813
15251,814
15262,814
15273,814
15286,814
15297,813
15308,813
15320,814
15331,814
15342,813
15354,813
15366,812
15377,814
15388,813
15399,813
15411,813
15423,813
15434,812
15446,813
15457,813
15468,813
15479,813
15492,813
15503,812
15514,813
15525,813
15537,813
15548,812
15560,813
15571,811
15583,812
15594,812
15605,812
15618,812
15629,811
15640,812
15651,812
15663,812
15674,812
15686,812
15697,811
15709,811
15720,811
15731,811
15742,811
15755,811
15766,810
15777,811
15789,811
15800,811
15811,810
15823,810
15835,809
15846,810
15857,809
15868,809
15880,809
15892,809
15903,808
End time: 15915, End avg: 808
Time to peak: 2727.00
Mass: 0.38
Distance: 28.63
Time: 57257.20ms
Starting
Stopping
