220
24460,221
24472,221
24483,222
24495,222
24506,222
24517,223
24528,223
24541,223
24552,224
24563,223
24574,223
24586,222
24597,221
24609,218
24621,218
24632,217
24643,215
24654,215
24666,217
24678,219
24689,221
24700,223
24712,224
24723,224
24735,224
24747,224
24758,223
24769,223
24780,223
24792,222
24804,221
24815,221
24826,220
24838,218
24849,218
24860,217
24872,217
24884,218
24895,218
24906,219
24918,219
24929,221
24941,223
24952,224
24964,224
24975,224
24986,224
24997,223
25010,222
25021,222
25032,222
25043,221
25055,221
25066,220
25078,220
25090,218
25101,218
25112,218
25123,218
25136,220
25147,219
25158,220
25169,221
25181,222
25192,222
25204,222
25216,222
25227,222
25238,221
25249,221
25261,221
25273,221
25284,221
25295,223
25307,223
25318,223
25329,222
25341,220
25353,219
25364,219
25375,219
25387,219
25398,219
25410,218
25421,219
25433,222
25444,222
25455,224
25467,224
25479,223
25490,222
25501,223
25512,222
25524,222
25536,221
25547,219
25559,219
25570,219
25581,219
25592,219
25605,220
25616,219
25627,220
25638,221
25650,222
25661,222
25673,223
25684,222
25696,222
25707,222
25718,221
25730,221
25742,221
25753,220
25764,221
25776,221
25787,222
25798,222
25810,222
25822,221
25833,221
25844,220
25856,220
25868,219
25879,218
25890,219
25902,220
25913,221
25924,222
25936,223
25948,222
25959,223
25970,223
25981,223
25993,223
26005,223
26016,222
26028,222
26039,221
26050,220
26061,218
26074,217
26085,218
26096,218
26107,219
26119,220
26130,221
26142,222
26153,223
26165,223
26176,223
26187,223
26200,223
26211,223
26222,223
26233,222
26245,222
26256,222
26268,222
26279,222
26291,221
26302,220
26313,219
26324,219
26337,219
26348,220
26359,219
26371,220
26382,220
26393,221
26405,222
26417,224
26428,223
26439,223
26450,223
26462,224
26474,223
26485,225
26497,223
26508,223
26519,221
26530,219
26543,218
26554,218
26565,217
26576,217
26588,218
26600,219
26611,221
26622,221
26634,222
26645,222
26656,223
26669,223
26680,223
26691,223
26702,223
26714,223
26725,223
26737,223
26748,223
26760,222
26771,221
26782,220
26793,219
26806,218
26817,218
26828,217
26840,218
26851,219
26862,220
26874,221
26886,223
26897,223
26908,223
26919,223
26932,223
26943,224
26954,224
26966,223
26977,223
26988,223
27000,222
27012,222
27023,219
27034,218
27045,218
27057,218
27069,218
27080,219
27091,219
27103,220
27114,221
27125,222
27138,222
27149,223
27160,223
27171,223
27183,223
27194,223
27206,223
27217,223
27229,223
27240,222
27251,221
27262,221
27275,220
27286,219
27297,219
27309,219
27320,219
27332,219
27343,220
27355,221
27366,221
27377,222
27388,222
27401,222
27412,222
27423,222
27435,223
27446,224
27457,223
27469,223
27481,223
27492,221
27503,220
27514,219
27526,219
27538,219
27549,219
27560,219
27572,220
27583,221
27594,221
27607,222
27618,222
27629,222
27640,222
27652,222
27664,223
27675,223
27686,223
27698,223
27709,223
27720,222
27732,222
27744,221
27755,220
27766,220
27778,220
27789,219
27801,219
27812,220
27824,220
27835,221
27846,221
27857,222
27870,222
27881,222
27892,222
27904,222
27915,223
27926,223
27938,223
27950,223
27961,222
27972,221
27983,221
27995,220
28007,220
28018,220
28029,220
28041,220
28052,220
28064,221
28076,221
28087,221
28098,221
28109,221
28121,222
28133,222
28144,222
28155,223
28167,223
28178,223
28189,223
28201,223
28213,222
28224,222
28235,221
28247,220
28258,220
28270,220
28281,220
28293,220
28304,220
28315,221
28326,221
28339,221
28350,221
28361,222
28372,222
28384,223
28396,223
28407,223
28419,223
28430,223
28441,222
28452,222
28465,221
28476,221
28487,220
28498,220
28510,219
28521,220
28533,219
28545,220
28556,221
28567,221
28578,222
28590,222
28602,222
28613,222
28624,222
28636,222
28647,222
28658,222
28670,222
28682,222
28693,221
28704,221
28716,221
28727,220
28739,220
28750,220
28762,220
28773,220
28784,220
28796,220
28808,220
28819,220
28830,221
28841,221
28853,222
28865,222
28876,223
28888,223
28899,223
28910,222
28921,222
28934,222
28945,221
28956,221
28967,220
28979,220
28990,220
29002,220
29014,220
29025,220
29036,220
29047,221
29059,221
29071,222
29082,220
29093,222
29105,223
29116,223
29128,223
29139,222
29151,222
29162,222
29173,222
29185,221
29197,221
29208,220
29219,221
29231,221
29242,221
29253,221
29265,221
29277,220
29288,221
29299,221
29310,222
29322,222
29334,222
29345,222
29357,223
29368,223
29379,223
29390,223
29403,223
29414,222
29425,222
29436,221
29448,221
29459,221
29471,221
29483,219
29494,220
29505,221
29516,221
29529,222
29540,221
29551,222
29562,223
29574,223
29585,223
29597,223
29608,222
29620,223
29631,222
29642,222
29654,222
29666,222
29677,221
29688,221
29700,222
29711,222
29722,222
29734,221
29746,220
29757,221
29768,221
29779,221
29791,221
29803,222
29814,222
29826,223
29837,223
29848,223
29860,223
29872,222
29883,222
29894,222
29905,222
29917,222
29929,221
29940,219
29952,220
29963,221
29974,221
29985,221
29998,221
30009,221
30020,222
30031,222
30043,222
30054,223
30066,223
30077,223
30089,223
30100,223
30111,223
30123,222
30135,221
30146,222
30157,222
30169,222
30180,222
30191,222
30203,222
30215,222
30226,221
30237,221
30248,222
30261,222
30272,222
30283,222
30295,222
30306,223
30317,223
30329,223
30341,223
30352,223
30363,223
30374,223
30386,222
30398,222
30409,222
30420,222
30432,222
30443,221
30454,222
30467,221
30478,221
30489,221
30500,222
30512,222
30523,222
30535,223
30546,223
30558,223
30569,223
30580,223
30593,223
30604,223
30615,223
30626,222
30638,222
30649,223
30661,223
30672,222
30684,222
30695,222
30706,222
30717,222
30730,222
30741,222
30752,222
30764,223
30775,223
30786,223
30798,223
30810,223
30821,223
30832,223
30843,223
30855,223
30867,223
30878,223
30889,223
30901,224
30912,224
30923,224
30936,224
30947,223
30958,223
30969,222
30981,221
30993,221
31004,221
31015,220
31027,221
31038,222
31049,223
31062,223
31073,223
31084,224
31095,225
31107,224
31118,224
31130,223
31141,219
31153,217
31164,214
31175,214
31186,215
31199,219
31210,220
31221,224
31233,229
31244,234
31255,238
31267,242
31279,241
31290,239
31301,236
31312,232
31325,229
31336,225
31347,222
31358,219
31370,217
31381,215
31393,216
31405,216
31416,220
31427,222
31438,226
31450,231
31462,236
31473,239
31484,243
31496,244
31507,243
31518,240
31531,238
31542,236
31553,234
31564,234
31576,231
31587,232
31599,234
31610,236
31622,224
31633,113
31644,56
31654,71
31666,93
31676,81
31686,81
31696,89
31707,104
31718,131
31730,159
31741,191
31753,238
31764,264
31775,242
31787,289
31799,300
31810,287
31821,263
31833,272
31844,287
31855,312
31867,334
31879,339
31890,355
31901,367
31912,380
31925,377
31936,379
31947,398
31959,404
31970,430
31981,439
31993,451
32005,480
32016,512
32027,535
32038,554
32050,550
32062,560
32073,577
32084,591
32096,605
32107,611
32118,615
32131,630
32142,646
32153,653
32164,671
32176,677
32187,682
32199,682
32210,685
32222,686
32233,682
32244,703
32257,699
32268,689
32279,690
32290,697
32302,694
32313,691
32325,687
32336,695
32348,699
32359,691
32370,684
32381,672
32394,692
32405,709
32416,717
32428,726
32439,732
32450,731
32462,723
32474,723
32485,723
32496,725
32507,718
32519,724
32531,719
32542,721
32553,721
32565,712
32576,697
32587,697
32600,703
32611,708
32622,713
32633,711
32645,710
32657,715
32668,718
32679,726
32691,719
32702,714
32713,716
32726,721
32737,721
32748,735
32759,740
32771,739
32782,745
32794,763
32805,762
32817,757
32828,758
32839,755
32850,744
32863,729
32874,726
32885,730
32897,740
32908,727
32919,728
32931,726
32943,729
32954,733
32965,732
32976,724
32989,729
33000,741
33011,742
33022,746
33034,752
33045,755
33057,754
33069,749
33080,741
33091,749
33102,751
33114,747
33126,745
33137,750
33148,727
33160,743
33171,756
33182,742
33195,755
33206,746
33217,743
33228,740
33240,731
33251,718
33263,713
33274,718
33286,729
33297,733
33308,738
33319,747
33332,741
33343,719
Peak time: 33354, Peak avg: 719, Highest avg: 745
33408,684
33419,678
33430,681
33441,701
33453,695
33465,685
33476,686
33487,686
33499,686
33510,686
33522,685
33533,684
33545,682
33556,682
33567,684
33579,685
33591,684
33602,684
33613,683
33625,683
33636,682
33647,682
33659,683
33671,682
33682,682
33693,682
33704,683
33716,683
33728,684
33739,685
33751,686
33762,685
33773,686
33784,685
33797,686
33808,687
33819,685
33830,687
33842,687
33854,685
33865,686
33876,688
33888,687
33899,689
33910,690
33923,689
33934,690
33945,690
33956,690
33968,691
33979,693
33991,689
34002,691
34014,694
34025,695
34036,695
34048,696
34060,695
34071,696
34082,695
34094,697
34105,696
34116,698
34128,699
34140,700
34151,700
34162,701
34173,700
34185,699
34197,699
34208,700
34220,702
Bottom time: 34231, Bottom avg: 702
34270,700
34281,702
34292,700
34304,701
34315,701
34327,701
34338,702
34350,704
34361,703
34372,704
34383,706
34396,707
34407,706
34418,705
34429,706
34441,705
34453,702
34464,701
34476,704
34487,705
34498,706
34509,706
34522,707
34533,707
34544,705
34555,705
34567,705
34578,706
34590,706
34601,707
34613,708
34624,709
34635,709
34647,710
34659,710
34670,707
34681,712
34693,709
34704,712
34715,713
34727,714
34739,715
34750,714
34761,714
34772,715
34784,716
34796,716
34807,716
34819,717
34830,718
34841,718
34853,718
34865,719
34876,719
34887,720
34898,720
34910,720
34922,720
34933,721
34945,721
34956,721
34967,722
34978,723
34991,724
35002,724
35013,724
35024,724
35036,724
35047,724
35059,724
35070,724
35082,726
35093,726
35104,728
35116,728
35128,729
35139,726
35150,729
35162,730
35173,730
35185,731
35196,730
35208,731
35219,732
35230,733
35241,733
35254,734
35265,733
35276,734
35288,735
35299,736
35310,735
35322,736
35334,735
35345,737
35356,738
35367,738
35379,737
35391,737
35402,737
35414,739
35425,740
35436,740
35447,741
35460,741
35471,740
35482,742
35493,743
35505,743
35516,744
35528,744
35539,743
35551,745
35562,745
35573,746
35586,746
35597,745
35608,747
35619,747
35631,747
35642,748
35654,748
35665,747
35677,749
35688,749
35699,749
35710,750
35723,750
35734,749
35745,750
35757,751
35768,751
35779,751
35791,751
35803,750
35814,752
35825,752
35836,752
35848,753
35860,753
35871,752
35883,754
35894,754
35905,754
35917,755
35929,754
35940,754
35951,756
35962,756
35974,756
35986,756
35997,755
36008,757
36020,757
36031,758
36042,758
36055,758
36066,757
36077,759
36088,759
36100,759
36111,760
36123,760
36134,761
36146,760
36157,761
36168,761
36179,762
36192,762
36203,763
36214,762
36226,763
36237,763
36248,764
36260,764
36272,765
36283,764
36294,764
36305,765
36318,765
36329,766
36340,765
36352,766
36363,766
36374,766
36386,767
36398,768
36409,767
36420,767
36431,767
36443,768
36455,768
36466,769
36477,768
36489,769
36500,769
36511,769
36524,770
36535,771
36546,770
36557,770
36569,771
36580,771
36592,771
36603,773
36615,771
36626,772
36637,772
36649,772
36661,774
36672,774
36683,773
36695,773
36706,773
36718,774
36729,775
36741,774
36752,774
36763,775
36774,775
36787,775
36798,777
36809,776
36820,776
36832,776
36843,776
36855,777
36867,778
36878,777
36889,777
36900,777
36912,778
36924,778
36935,779
36946,778
36958,779
36969,779
36980,779
36993,780
37004,781
37015,780
37026,780
37038,780
37050,780
37061,782
37072,781
37084,781
37095,782
37106,782
37118,782
37130,782
37141,782
37152,782
37164,783
37175,783
37187,783
37198,783
37210,783
37221,783
37232,784
37243,784
37256,784
37267,784
37278,784
37289,784
37301,785
37312,785
37324,785
37336,785
37347,785
37358,786
37369,786
37382,786
37393,786
37404,786
37415,786
37427,787
37438,787
37450,787
37462,787
37473,787
37484,788
37495,788
37507,788
37519,788
37530,788
37541,789
37553,789
37564,789
37575,789
37587,789
37599,789
37610,789
37621,790
37633,790
37644,790
37656,790
37667,790
37679,790
37690,790
37701,790
37712,791
37725,791
37736,791
37747,791
37758,791
37770,791
37782,791
37793,792
37805,792
37816,792
37827,792
37838,792
37851,792
37862,793
37873,793
37884,793
37896,793
37907,793
37919,793
37931,793
37942,794
37953,794
37964,794
37976,794
37988,794
37999,794
38010,795
38022,794
38033,795
38044,795
38056,795
38068,795
38079,795
38090,795
38102,796
38114,796
38125,796
38136,796
38148,796
38159,796
38170,796
38182,796
38194,796
38205,796
38216,796
38227,796
38239,797
38251,797
38262,797
38274,797
38285,797
38296,797
38307,797
38320,797
38331,797
38342,797
38353,798
38365,798
38376,798
38388,798
38400,798
38411,798
38422,798
38433,798
38445,798
38457,799
38468,798
38479,799
38491,799
38502,799
38514,799
38525,799
38537,799
38548,799
38559,799
38571,799
38583,800
38594,799
38605,800
38617,800
38628,800
38639,800
38651,800
38663,800
38674,800
38685,800
38696,800
38708,800
38720,800
38731,800
38743,800
38754,800
38765,800
38776,800
38789,800
38800,801
38811,801
38822,801
38834,801
38846,800
38857,801
38868,801
38880,801
38891,801
38902,801
38915,801
38926,801
38937,801
38948,801
38960,801
38971,801
38983,801
38994,801
39006,801
39017,801
39028,801
39040,801
39052,801
39063,801
39074,802
39086,802
39097,802
39108,802
39120,802
39132,801
39143,802
39154,802
39165,802
39177,802
39189,802
39200,801
39212,802
39223,802
39234,802
39246,802
39258,801
39269,802
39280,802
39291,802
39303,802
39315,802
39326,801
39337,802
39349,802
39360,802
39371,802
39384,802
39395,801
39406,802
39417,803
39429,802
39440,802
39452,802
39463,801
39475,802
39486,802
39497,803
39508,803
39521,803
39532,801
39543,803
39555,803
39566,803
39578,803
39589,801
39601,801
39612,803
39623,802
39634,803
39647,803
39658,802
39669,803
39681,803
39692,803
39703,803
39715,803
39727,802
39738,803
39749,803
39760,803
39772,803
39784,803
39795,801
39806,803
39818,803
39829,803
39840,803
39853,803
39864,802
39875,803
39886,803
39898,803
39909,803
39921,803
39932,801
39944,803
39955,803
39966,803
39979,803
39990,801
40001,803
40012,803
40024,803
40035,803
40047,803
40058,801
40070,803
40081,802
40092,802
40103,802
40116,802
40127,802
40138,802
40150,802
40161,802
40172,802
40184,802
40196,802
40207,802
40218,802
40229,802
40241,802
40253,802
40264,802
40275,802
40287,802
40298,802
40310,802
40322,802
40333,802
40344,801
40355,802
40367,802
40379,802
40390,802
40401,801
40413,801
40424,801
40435,801
40448,801
40459,801
40470,801
40481,801
40493,801
40504,801
40516,801
40527,801
40539,801
40550,801
40561,801
40572,801
40585,801
40596,801
40607,801
40619,801
40630,800
40641,801
40653,800
40665,801
40676,800
40687,800
40698,800
40711,800
40722,800
40733,800
40744,800
40756,800
40767,800
40779,800
40791,800
40802,800
40813,800
40824,800
40836,799
40848,799
40859,799
40870,799
40882,799
40893,799
End time: 40904, End avg: 799
Time to peak: 72209.00
Mass: -0.04
Distance: 10.00
Time: 20000.00ms
Starting
